#----------------------------------------------------------------------------------------------------------------------------------------------------------
# Output file for vampire simulation
#   time       : 2024-06-25 22:07:03     process id : 211966
#   hostname   : Student08
#   path       : /home/friweber/vampire
#   version    : 6.0.0
#   githash    : 4c9651daecc86c3e6b6df0c8055fcd9e89fd900c
#----------------------------------------------------------------------------------------------------------------------------------------------------------
3e-11      	300        	0.000330631	
6e-11      	300        	0.00155924 	
9e-11      	300        	0.00152513 	
1.2e-10    	300        	0.00268794 	
1.5e-10    	300        	0.00222882 	
1.8e-10    	300        	0.00214389 	
2.1e-10    	300        	0.000706948	
2.4e-10    	300        	0.00201673 	
2.7e-10    	300        	0.00144608 	
3e-10      	300        	0.0026725  	
3.3e-10    	300        	0.00179436 	
3.6e-10    	300        	0.00323828 	
3.9e-10    	300        	0.00117969 	
4.2e-10    	300        	0.000607709	
4.5e-10    	300        	0.00240533 	
4.8e-10    	300        	0.00154433 	
5.1e-10    	300        	0.00184851 	
5.4e-10    	300        	0.00243751 	
5.7e-10    	300        	0.000985868	
6e-10      	300        	0.00193404 	
6.3e-10    	300        	0.00192705 	
6.6e-10    	300        	0.00175265 	
6.9e-10    	300        	0.000698818	
7.2e-10    	300        	0.000838763	
7.5e-10    	300        	0.00170185 	
7.8e-10    	300        	0.00133389 	
8.1e-10    	300        	0.00335105 	
8.4e-10    	300        	0.0020072  	
8.7e-10    	300        	0.00230679 	
9e-10      	300        	0.00169954 	
9.3e-10    	300        	0.00152849 	
9.6e-10    	300        	0.0034129  	
9.9e-10    	300        	0.00245554 	
1.02e-09   	300        	0.000993784	
